image: appartment.pgm
resolution: 0.050000
origin: [-3.124998, -5.124998, 0.000000]
negate: 0
occupied_thresh: 0.65
free_thresh: 0.196

